einfach
000370081000060005046800002507000000421000050600500810005000240700000063062400007
001080300200041090008070504000560000060302005004800230500000028900000173007000050
830040002200093148040000600002009050004002700300080290500000001000600000173800900
006007100978030400000000009000094003030806012000000050501073000840620000300089040
201803690050007008000009070140080902008002000060000403005700000904000000036098004
403000090000070000805609317006020004730090000000103208340900060090010000000537000
361009000400300600000601000000054092000826001050000408000468730870010020004000000
052000908740001500000000420020600070608309050090500080010000006000050240034102000
000003100006104200007890050000408006000009000091000347953000020000000605002300891
000073046020040000054600000000006130010000050300914702000435060036082000108000000
000640000139850000647201800080024100000976000090080005000000007400000600372000001
130207408000000102000100060007300820600005000209680003094000007070050639020000000
000100000084070000690000410020007564000000700700456801046700000502000009300210040
060050400005040037000002000204006500300000160050000703000960002027034005400210600
070008000090061058500300400000005080000030014050006097046800000019004070080700043
700000940006487050000506370003000100600250090985000003000000407047600000509001000
320000109040012030060800000007308060008400010030600070002104003000200450000057006
400000165060700020120600400800300000017080600030010009006020503050007000040090810
467030000080005000009806040000000300006058000034009061003000016071004000650090072
000900002500010940420000600000105870040200000901730000008006007100089006050070409
000054801004018000000030960040820100812003000097000003300200000258007090070090000
050000007007080603302100000060000009014600085200800300900008506000764002000500038
000490600000702000752861040000214000000000804025009700090320461001000000080000005
700064103000000200030750000004000010000000520507208300321480007006005092800000001
509000003000004000010968020270630509000020807003070000680047300004296000700000000
076040019908600200000000600010390008000000000305107000020760043000920501104008000
070000012000920006000100700530001060796040050004590003060000040000203500183000009
100020070076930050309100800900850060000000400007260009002005000014080700700609000
690001050300700980070009000004003010009040000761200503000600000800000497007904060
801407069000023450000000307006001002000000090500002006025006903980070000600000504
080002003060905400503004060009300002007049000050800009901068000020070056070000010
098400010706000009243090700000540090072300400004280000000050000080160507000002004
anspruchsvoll
000005000400017003800003050712090000000000000005800090000200600094030570070000000
041090000000050000000006800008017000010000007209000061700000030030500410000800900
070000400402600700000500000060200000004007001080000030207000910508000070000000200
000030097000001000850000040010000003040100009000068001020400000007003000906000050
000003000040201000000000059000306005005800000710000090308400070070060048004000000
200009001000000504004200030000040600500002009000000007080300000076800010005060200
009000634080003070052006000603050200070080100000000000000000009000849006000000700
000000030009005801000020000200038004040050010050006070000780000407000000010009080
300250410600000030000700000400100790070000000060080000050030000100900050002800100
006000005000300069030820000800000200090200000100004007007060000000000056000940030
000690030006000012800000700400001600000000000090278000070300000009000040200800590
700000000095002000000100008502080600304090700000000000000030070000008210601000409
049000001000708600020030007005060080000300190400000003086900000000040000210000000
000080001300400650604009000006000100000300008050000200047000090291000000000020000
069300000400000000100000408000806020000030001004090000000049503201600000000010080
005200300007000020060300105900010000806003004000005002080009060000027000000000400
002009000003600005007003840400070080000500300000800026020000001300000070090005000
001006030350000000040009080900000020080094600000600100000700560009001000000003700
060809003000100085400300000008002400016000050700000001500000000000000790074006000
057000008008070400000000056060007530403900000000600000000000200090510000130000090
000802000004100000000040907020008010000203000000000403700001030500070004080000700
000000003100005400004000020805200006000000030600000800900073010070010000006008950
000300400010007800080001060039000600002050004801000070000072010000000090000000702
020000580003002009700000000060008004050001020000907100000020010000540070006000003
602000080090080050047000603000006040000000900200001006010000030000000090304027000
310670000004005000007000800860050000000003000000090020000002006050010007009040250
508006000000000400000012090026700008000009003004000000005100000000400630003020801
000200000900010004870003000400175230000000000002000650000020008000741000096000000
000010047600009000000270030300000080010080200006900000009000470005006000200500006
000003040316000000000009008007100000002000035000052409004000200800000006003070010
670002000400900071000800002000000006786400000000080000000300400009607380000050000
700000400100090005000003000050060073400700000000001020500920008004000000002000931
moderat
005070010900000060700300020000006900090480000020000130010000080000007400000542000
580000000000100050002079008000005600000200300030800009619004503000000007040000000
000285490000010208500000000050001003001090500000040000670820000008900070000000000
900002000000500010038640500000000604040006300000790000005000890700250000400000000
000500900000000003809070500000060004700400000051000307000700000065030000000012040
102006000000000507500020400000080002040700900080004300004000700760500080000300000
004009060065000000007000082003000009006501007000700400030000000800600000000800054
000000002000092070605300000000400006800010720070050300009000100106004090000000600
000030000507002000043600008000000070026008050089000100090070300300900006000000020
006100008040702000900030500000040000050000901000000030070601000600000009800050040
000000005007061040100500000000000006060000020200090508004000000900384000020950007
000602340000000900560000000004000059000800003000003261700000000012009000800050020
000000230600090800000006050000008040030500008002100009000080600004060003301005000
040007000000000000160080009807000360000050001004060000001008000500002800003040750
000000009090600037007001000040000001006002500000008020000106002580000000000085310
600107900020000410000000000010000057005000300070360000008000070001096000000003508
000503060090000084005000000000201400004000090000006007020090000060070018400002000
000000007000680100070040050000061800054900003100000000020000900005020078900004000
005000000209100006000000040000900710700000000004680003903500020060000009080340000
030500900016020700800900034000000653600090000002004000000007000000000340180000000
000082500000600007200000100000000000805030400001009062000015809030700200000900000
000000000150020090006000004980005000003700000000400150000009400039070000720304000
000000000000010008460003002003500700810002060000000900050000000008040370030967000
014000060000000000009730000000000001000802000260005700600000002000109305098000040
500006003000009000600001048100000690000000002040030000002045700080000000003090000
035802000010000000000000097200063500040000002000500700062075010000000004301000000
900200060000000520700300001000005000000800070400006900000000007081060030030500080
003000900126040000040000700000470060002000004050009803000000000030020080600108000
000003000062000074000900020030000062700015000004008100090004200000800030000300500
020300006900010004150004000000800040002000600040900702000006080830001000000020000
032009005051000000000004090000390050008200000360000000010600070040000300800500010
015000000000074000400001020020000360041006000000035009000090030007000000806000045
sehrAnspruchsvoll
000500800050040000280370000007100290001009000000800050430000000009280003000010000
070800300001000009003000080000000004030570000200003000980002500050604000700090000
052900060800006100000040008703000001100090000020500300004000500000007080000064000
500130008070000900000000000300010000098000000006002710000500200900006004200000036
007000500090140200000609000048000000905000000000080046030070085000000000010900300
070400000000000036008097005204000008900000500005060020000805100000000067000049000
200500009060004000000007008007400060000000900040006203000930500700000000015700020
000001000400830010008000570600019003000400005014000200075000000000004036900000000
009007200000230000600000080001700000006509004000000015000920600900080001004000020
000090430000080000090504008003000002000000700501760000807400000020000640300000900
000000007270003000006000050602000009000000080000008460000059200940060000300400010
006310200000002000000906000420000009100000078000070000700450310000000004801000020
001000650050010400903800000007000000000002097090005040000030000000700000300100706
070000000000018006004000913003500002000007600000004000102400000400000030690700200
000107400000009300506000010300020000048000100010800900400900000009005730000006000
004001000800700000700000864000000000002050106058000030001300098070004000000000350
000000105000500000030070020100006709000090400300000280009300008600001000240000030
090000008300700002006080000000000017035000000080070004000540300800000200001009400
860900500000000000002000000900050000500317000120000080080006940000000003000209860
800007300009050000030000091000080510006900007000020000140000009000000700092038000
500800100010200400000000005300600021040000000270038000600009300000004000003005090
000007000105090007000860300600000030200010069010000000000070080004030901000002005
000000807054010200000003400600500000000000900740280000800000000000600005406301080
200000006007060090800000000043052000700000030089700000006023050000000700000108200
700000040000060005305000100001500390040010800600000000804050010000008003009000700
000900200054200000600700300002000078100000030008010406001048009400030000000000000
003000800002009000000100752005010000060000000000703004001070500007090610000400000
060000030800100007005000000000200800504063000000005000140800060000500100009006040
000900000900046030000050108002007640009600010008000000047060500000005000000102000
080900105100000720020000000000052000000400006097000340000003400460000000009270000
001003500500008002090060000004002051300000700000000800000900000140200060003500070
050060000200000006094750000020000074007000050500904002000400000008003000000020037
sehrEinfach
057094230600203007293001000400030178080179500715020000060002003000010025002300091
406579002200806000008400500700000200020651304040700680390005720000937006057080039
050008096000920300310406700605081043000040189080300670900503000068000007530804910
007920000003410079000000180096071035051000807270539000030000756562190308080000001
002000800906000472001207509100096005760003104000471026200004007400032698090050200
937006500000005200405007906100268305080003600600159804200070468361080002700000000
400392005000810496001060372700206910000030504064001020047125800805009200090000000
090001003000090864002007000013600070504328690020010300900030007206075048045082930
326010704009072010000903068092000050471050000530109000980504106254001000100208000
020075893000004020050000004089067001106400009005090260391286700042009038060700900
005170003701000025460300900084001506053008179070030002010040708892600000007903001
408020090900810200501040370190000050800400000730952000289035600005084739040106000
400002100000900700000015060601200540789450010002680907064700801807004300905030670
000108049006503002000000650105000028247801906608290100520710000000030007470680210
000000240481360090090800613309000025000003076004156000020090001706235900945080060
079084306803009501054020000090200784740600130080000060012035000538070009907010000
080040203040032510073015004004021050615908000007406800100067309060500007032000005
237046809468100705000007006804632500070400280090000643020000054700004300000061070
003010486870500010240000507307090250900450078005800690600300045700040000100070829
006900780001786002038542601480003010009007000020800406102604003804000067005100040
000500098080710024405930007057069802040807010000104730800005201200080006569001000
809520060703906825002083109900035006400000001000000000180060750396200408020804600
970046000010000096364900785820000000407800231000300000002095810080410360100283050
032000080010038005008574000794005000600007592253810000070050036040700200100963408
016052000000078010375901800043096020060000000059013067007040600030609000624107980
000563000950812000026007805060031049403609782000080000092175000107098000800400100
690010700003005890700300056936040080120657409040000021000100200009006300261508900
310708000069204705040060089053000091000623004020150307000530070004001000580402910
000090740307600050005073601420009007170020065568001429090050270000812006200000008
009307410300100670000060000507490801400000230008710004004005980806901040970248006
002009760096708500080106049600000080003842005108600000760501230804260007030004006
708040005004650801000809070052000100167000528030500607240175080000004052006920010
standard
080050000700100000350020000000019700000006005009003800200000560090600084000802009
060008020000000000300002019014007690038000700000000004000120000001000803605040002
478000090000005000900010030500000000010000070600483900000206004030001200040030100
080000040000040605600030000100400900050000320400009008900100030800053102001000000
095000320000340800604000007020753000060000900003008000000600000070002540000000230
008000050903001000400720003060002100000430508800070040000040005000000000020600410
093000050002003000170000090609102000000007510000900028020700300000240000000080005
000009001834000070002800005070204006000360054060010200006000080090000000300000010
030000042245006000970000000000000009002400006008500700700060000009002001010700305
010080072060075900000020000003000000400000000105002096500300080600804009098000000
600003500001000309890010000170000040000000006000207051000000092008040067400002000
013004050000008009042000800170230500000050400530000100000070010000000000026001070
030050002089003005000000080800207300000009060000500004302600100700000000600100850
080046050040080007039070000090000040700090008002005370000000004020800500000910000
000008000000301078060209000001600000000000004400032085093100050050000001000045800
009800000040510006000030000000700050605900100804060003060004000090100807000070900
000097500009000007300080020500300089006005003000010000005000006040700010780032000
000080450000000090268000003007030940400000100620100000005007300700006001000840000
400007090000009400310006020020870500605002000000900700700000038060090000000000045
300000706000590000050004000000050010812000000067102400204009000600080007000010300
004003051010002030700408060000000006823000074007000000090705000000600000006000089
804000002100900300300005000085001000003002090000000800007080040000600170040300059
000000000053200010049500060208046000000020700090000003900050680000009000000107402
700000006000007080005090000307008000090004300048065090630000009520010430000000000
701000000090300406060072000000000000006700030087004201002003060000000302508000900
500006080024000000708940300000000000090300100001004090600070000105000607400800900
000000200000509000000000637008916040047000002009000000001600000020800403903250000
000000000700810020103750000002000060060390100500400890201000603000000000050030080
002004000530070001007081900000000805008010060040300200000002004000050070000800520
040008002380200000000000060000107258031020006000005100000500013000000400068004000
000200507020000004030071000008000900090000760000015403000000000302098010810600000
000300020600508017000000000003049005020080000400000900000005002000710053070090680
teuflisch
050000004600005000000007201000080000002406008030000090400060082000000000107850000
005000060000005008200000700300000000000610090072000000908000300000340001050200007
005420080700000060000500400000010905002000000068290000000901700080000010000000040
000000098000000006830009010704000300000612000900000050020470000006050000070300000
001020000005769000080000009300000082200000740000000000000050070092008000700640000
008500004006700200020001800010064009000030000007000006000600010090000007500800000
700060005000000070040090800000004980000300001560000000000001000092700000074800003
007003000020000000060210840000040050090080000000600700040000007100000600800094001
002040000000000069000987002610000080400001700090600000003002100020000005000004000
050001900064000703000800060006703000090050004000000080000000170000090000200400000
004000000000000042000052800000020003080005000130000980307000400610008000000001500
050006020300000800009040061075009080004860000000000007000702000000000004801000000
005001000020000563000000700004100080900050000006020000048260000300070009000000000
020305400000000098010600000007090085000000010000004700060100000500000020002070900
060000030720014600000020000600000089004000000050001400900300000800005040000070200
000800030070000800020506000004000700010000000809002060000108000000040195036000000
180200000006000900000007023090300100200000007040060005008000000000805040000003009
000100600000000300048600000060000090900080430500004000090020005000070000007003082
098000070000400020200008400900000006007854000000003000020000000300260008010000300
600701009280300000000600000090040010105000003000000007000009000000020600009000735
000000400050200007000801030904060000507000000000000080000108090002003600840000005
000800009300041200070000000501006000090030047000002060000000900080000105400200000
200700000049000000803000906300000280000005040600010000000150007060000000010043000
009500080600000004000000002083000009000070600040910700000700000100023000000009350
000370010000000090400058000006002500050080024090000000000000806700000001500140000
602004007500000010000008000100230600308105000000000900001300002009070000000000400
000000000579060200080000007090080500008300060040000000200004003000093000000500104
000090000000000751001007000800000000000320600010900040003006080080000400500008012
000091000106400057000500000020030080000000061800000005053000900000604100400000000
006000014905000000003600008000300000040000009000010540070006002000005000008093100
000000000000500109062700380400000500007620000000810000000000800780000030300050004
010000600008304050000090000002100003060050000000020000600010700070800002500000490